5.94603557501360491244
-1.77635683940025050166e-17
-1.08240287479097177563e-16
-8.41901017606200002692e-17
-9.90954019185127417832e-17
2.4489022645796451512e-17
8.77243469506028531383e-18
2.17075664383377121849e-17
2.23318787009169038296e-16
5.12886611498479210772e-16
-4.24578015057177378952e-16
-2.60073345549896569291e-15
2.55265166946073889544e-15
2.06660169507017275265e-14
1.09140889913105346234e-15
-1.43658897384792244669e-13
-1.58300202853335497531e-13
8.58315965982660310963e-13
2.25977177971586530799e-12
-3.30573033853785649084e-12
-2.23817385199327326293e-11
-1.13591815493205140987e-11
1.58469694024254060948e-10
4.05328252377773007722e-10
-4.58600889016525660839e-10
-4.54267138496229075549e-09
-7.42152108414666642254e-09
2.07445638394794890618e-08
1.30487171305307977371e-07
2.21352123054324119194e-07
-5.15027280447091207064e-07
-4.21126827315838015103e-06
-1.19278376328450395547e-05
-7.40567094295787899637e-06
9.97119918286989992146e-05
0.000621817835791312880853
0.00240675871334096458387
0.00739313524942419083436
0.0194321904138342153867
0.0452675942615485757403
0.0953535724530706341184
0.183968492435703234733
0.327976104592247630354
0.543755431769548103205
0.842353018978687639873
1.22373222390515534741
1.67181729087488339935
2.1524310612573400725
2.61583606142356872581
3.00433071969760234765
3.26357237551005274767
